2.147617 2.124408 1.779869
-1.013528 -1.157308 0.410368
-0.076606 -0.130194 0.335867
0.104650 0.224668 1.180778
1.650783 1.616689 1.491472
0.026849 -0.032714 0.176814
0.977868 0.861178 2.165898
1.358602 1.481990 -0.076720
0.205040 0.271465 0.491392
-0.520985 -0.477070 0.981009
0.703378 0.726192 -0.673693
0.242426 0.342886 -0.623468
0.486995 0.471436 -0.921909
-1.917729 -1.951951 -2.153602
-2.286951 -2.425501 1.208810
-0.861105 -0.927496 0.342618
-0.202241 -0.078188 1.180222
0.657209 0.541147 -1.206437
0.545654 0.582337 -1.344157
0.591163 0.591395 -0.332117
-0.329226 -0.360418 0.008459
1.148602 1.144395 0.226075
-2.243236 -2.229089 -0.612147
0.988982 0.952479 -0.547466
-0.696574 -0.680918 -0.753905
1.096517 1.323918 2.288079
1.595340 1.756699 0.707630
0.154905 0.180198 0.438975
0.614605 0.511155 -0.310165
0.118790 0.211484 0.969778
-2.248962 -2.197761 0.349277
-1.441875 -1.497221 -0.696071
-0.892337 -0.959230 -0.109911
-0.389474 -0.414979 0.973487
-1.090090 -1.049755 -0.753638
0.033204 0.040640 0.727641
-1.370018 -1.116677 0.638388
-0.497020 -0.434123 -0.428759
-0.592263 -0.524102 -0.262225
-0.879093 -0.984639 -0.182963
0.136393 0.347424 -0.440347
1.418563 1.522922 0.389836
-0.185233 -0.341794 -0.229968
0.813321 0.669485 -0.905201
-0.028070 -0.040991 1.426791
-0.010926 -0.036455 0.706082
0.258132 0.152854 1.008737
2.163595 2.291467 -0.126575
-0.058073 -0.084720 -0.546125
-1.402064 -1.238455 -0.266490
